#include <inttypes.h>

int key_frame_count    = 2;
int key_frame_timing[] = {20, 20};


uint8_t key_frames[][8][8] = {
  {
    0, 0, 0, 0, 0, 0, 0, 0,
    0, 0, 0, 0, 0, 0, 0, 0,
    0, 0, 0, 0, 0, 0, 0, 0,
    0, 0, 0, 0, 0, 0, 0, 0,
    0, 0, 0, 0, 0, 0, 0, 0,
    0, 0, 0, 0, 0, 0, 0, 0,
    0, 0, 0, 0, 0, 0, 0, 0,
    0, 0, 0, 0, 0, 0, 0, 0
  }
  ,
  {
    15,15,15,15,15,15,15,15,
    15,15,15,15,15,15,15,15,
    15,15,15,15,15,15,15,15,
    15,15,15,15,15,15,15,15,
    15,15,15,15,15,15,15,15,
    15,15,15,15,15,15,15,15,
    15,15,15,15,15,15,15,15,
    15,15,15,15,15,15,15,15
  }
};


-1139.19727891156