#include <inttypes.h>

int key_frame_count = 12;

int key_frame_timing[] = {5, 15, 8, 15, 8, 15, 5, 15, 8, 15, 40, 60};

uint8_t key_frames[][8][8] = {
	{
		 0, 0, 0, 0, 0, 0, 0, 0,
		 0, 0, 0, 0, 0, 0, 0, 0,
		 0, 0, 0, 0, 0, 0, 0, 0,
		 0, 0, 0, 0, 0, 0, 0, 0,
		 0, 0, 0,14,14, 0, 0, 0,
		 0, 0, 0,14,14, 0, 0, 0,
		 0, 0, 0, 0, 0, 0, 0, 0,
		 0, 0, 0, 0, 0, 0, 0, 0
	},
	{
		 0, 0, 0, 0, 0, 0, 0, 0,
		 0, 0, 0, 0, 0, 0, 0, 0,
		 0, 0, 0, 0, 0, 0, 0, 0,
		 0, 0,14, 0, 0,14, 0, 0,
		 0, 0,14,14,14,14, 0, 0,
		 0, 0, 0,14,14, 0, 0, 0,
		 0, 0, 0, 0, 0, 0, 0, 0,
		 0, 0, 0, 0, 0, 0, 0, 0
	},
	{
		 0, 0, 0, 0, 0, 0, 0, 0,
		 0, 0, 0, 0, 0, 0, 0, 0,
		 0,14,14, 0, 0,14,14, 0,
		 0,14,14,14,14,14,14, 0,
		 0,14,14,14,14,14,14, 0,
		 0, 0,14,14,14,14, 0, 0,
		 0, 0, 0,14,14, 0, 0, 0,
		 0, 0, 0, 0, 0, 0, 0, 0
	},
	{
		 0, 0, 0, 0, 0, 0, 0, 0,
		 0,14,14, 0, 0,14,14, 0,
		14,14,14,14,14,14,14,14,
		14,14,14,14,14,14,14,14,
		14,14,14,14,14,14,14,14,
		 0,14,14,14,14,14,14, 0,
		 0, 0,14,14,14,14, 0, 0,
		 0, 0, 0,14,14, 0, 0, 0
	},
	{
		 0, 0, 0, 0, 0, 0, 0, 0,
		 0, 0, 0, 0, 0, 0, 0, 0,
		 0,14,14, 0, 0,14,14, 0,
		 0,14,14,14,14,14,14, 0,
		 0,14,14,14,14,14,14, 0,
		 0, 0,14,14,14,14, 0, 0,
		 0, 0, 0,14,14, 0, 0, 0,
		 0, 0, 0, 0, 0, 0, 0, 0
	},
	{
		 0, 0, 0, 0, 0, 0, 0, 0,
		 0, 0, 0, 0, 0, 0, 0, 0,
		 0, 0, 0, 0, 0, 0, 0, 0,
		 0, 0,14, 0, 0,14, 0, 0,
		 0, 0,14,14,14,14, 0, 0,
		 0, 0, 0,14,14, 0, 0, 0,
		 0, 0, 0, 0, 0, 0, 0, 0,
		 0, 0, 0, 0, 0, 0, 0, 0
	},
	{
		 0, 0, 0, 0, 0, 0, 0, 0,
		 0, 0, 0, 0, 0, 0, 0, 0,
		 0, 0, 0, 0, 0, 0, 0, 0,
		 0, 0, 0, 0, 0, 0, 0, 0,
		 0, 0, 0,14,14, 0, 0, 0,
		 0, 0, 0,14,14, 0, 0, 0,
		 0, 0, 0, 0, 0, 0, 0, 0,
		 0, 0, 0, 0, 0, 0, 0, 0
	},
	{
		 0, 0, 0, 0, 0, 0, 0, 0,
		 0, 0, 0, 0, 0, 0, 0, 0,
		 0, 0, 0, 0, 0, 0, 0, 0,
		 0, 0,14, 0, 0,14, 0, 0,
		 0, 0,14,14,14,14, 0, 0,
		 0, 0, 0,14,14, 0, 0, 0,
		 0, 0, 0, 0, 0, 0, 0, 0,
		 0, 0, 0, 0, 0, 0, 0, 0
	},
	{
		 0, 0, 0, 0, 0, 0, 0, 0,
		 0, 0, 0, 0, 0, 0, 0, 0,
		 0,14,14, 0, 0,14,14, 0,
		 0,14,14,14,14,14,14, 0,
		 0,14,14,14,14,14,14, 0,
		 0, 0,14,14,14,14, 0, 0,
		 0, 0, 0,14,14, 0, 0, 0,
		 0, 0, 0, 0, 0, 0, 0, 0
	},
	{
		 0, 0, 0, 0, 0, 0, 0, 0,
		 0,14,14, 0, 0,14,14, 0,
		14,14,14,14,14,14,14,14,
		14,14,14,14,14,14,14,14,
		14,14,14,14,14,14,14,14,
		 0,14,14,14,14,14,14, 0,
		 0, 0,14,14,14,14, 0, 0,
		 0, 0, 0,14,14, 0, 0, 0
	},
	{
		 0, 0, 0, 0, 0, 0, 0, 0,
		 0, 0, 0, 0, 0, 0, 0, 0,
		 0,14,14, 0, 0,14,14, 0,
		 0,14,14,14,14,14,14, 0,
		 0,14,14,14,14,14,14, 0,
		 0, 0,14,14,14,14, 0, 0,
		 0, 0, 0,14,14, 0, 0, 0,
		 0, 0, 0, 0, 0, 0, 0, 0
	},
	{
		 0, 0, 0, 0, 0, 0, 0, 0,
		 0, 0, 0, 0, 0, 0, 0, 0,
		 0, 0, 0, 0, 0, 0, 0, 0,
		 0, 0,14, 0, 0,14, 0, 0,
		 0, 0,14,14,14,14, 0, 0,
		 0, 0, 0,14,14, 0, 0, 0,
		 0, 0, 0, 0, 0, 0, 0, 0,
		 0, 0, 0, 0, 0, 0, 0, 0
	}
};