#include <inttypes.h>

int key_frame_count = 7;

int key_frame_timing[] = {5, 5, 5, 5, 5, 5, 5};

uint8_t key_frames[][8][8] = {
	{
		14,14,14,14,14,14,14,14,
		10,10,10,10,10,10,10,10,
		05,05,05,05,05,05,05,05,
		02,02,02,02,02,02,02,02,
		01,01,01,01,01,01,01,01,
		00,00,00,00,00,00,00,00,
		00,00,00,00,00,00,00,00,
		00,00,00,00,00,00,00,00
	},
	{
		10,10,10,10,10,10,10,10,
		05,05,05,05,05,05,05,05,
		02,02,02,02,02,02,02,02,
		01,01,01,01,01,01,01,01,
		00,00,00,00,00,00,00,00,
		00,00,00,00,00,00,00,00,
		00,00,00,00,00,00,00,00,
		14,14,14,14,14,14,14,14
	},
	{
		05,05,05,05,05,05,05,05,
		02,02,02,02,02,02,02,02,
		01,01,01,01,01,01,01,01,
		00,00,00,00,00,00,00,00,
		00,00,00,00,00,00,00,00,
		00,00,00,00,00,00,00,00,
		14,14,14,14,14,14,14,14,
		10,10,10,10,10,10,10,10
	},
	{
		02,02,02,02,02,02,02,02,
		01,01,01,01,01,01,01,01,
		00,00,00,00,00,00,00,00,
		00,00,00,00,00,00,00,00,
		00,00,00,00,00,00,00,00,
		14,14,14,14,14,14,14,14,
		10,10,10,10,10,10,10,10,
		05,05,05,05,05,05,05,05
	},
	{
		01,01,01,01,01,01,01,01,
		00,00,00,00,00,00,00,00,
		00,00,00,00,00,00,00,00,
		00,00,00,00,00,00,00,00,
		14,14,14,14,14,14,14,14,
		10,10,10,10,10,10,10,10,
		05,05,05,05,05,05,05,05,
		02,02,02,02,02,02,02,02
	},
	{
		00,00,00,00,00,00,00,00,
		00,00,00,00,00,00,00,00,
		00,00,00,00,00,00,00,00,
		14,14,14,14,14,14,14,14,
		10,10,10,10,10,10,10,10,
		05,05,05,05,05,05,05,05,
		02,02,02,02,02,02,02,02,
		01,01,01,01,01,01,01,01
	},
	{
		00,00,00,00,00,00,00,00,
		00,00,00,00,00,00,00,00,
		14,14,14,14,14,14,14,14,
		10,10,10,10,10,10,10,10,
		05,05,05,05,05,05,05,05,
		02,02,02,02,02,02,02,02,
		01,01,01,01,01,01,01,01,
		00,00,00,00,00,00,00,00
	},
	{
		00,00,00,00,00,00,00,00,
		14,14,14,14,14,14,14,14,
		10,10,10,10,10,10,10,10,
		05,05,05,05,05,05,05,05,
		02,02,02,02,02,02,02,02,
		01,01,01,01,01,01,01,01,
		00,00,00,00,00,00,00,00,
		00,00,00,00,00,00,00,00
	}

};