#include <inttypes.h>

int key_frame_count    = 18;
int key_frame_timing[] = {5, 5, 5, 5, 5, 5, 5, 5, 5, 5, 5, 5, 5, 5, 5, 5, 5, 5};


uint8_t key_frames[][8][8] = {
  {
    15, 3, 0, 0, 0, 0, 0, 0,
    15, 3, 0, 0, 0, 0, 0, 0,
    15, 3, 0, 0, 0, 0, 0, 0,
    15, 3, 0, 0, 0, 0, 0, 0,
    15, 3, 0, 0, 0, 0, 0, 0,
    15, 3, 0, 0, 0, 0, 0, 0,
    15, 3, 0, 0, 0, 0, 0, 0,
    15, 3, 0, 0, 0, 0, 0, 0
  }
  ,
  {
    10,15, 3, 0, 0, 0, 0, 0,
    10,15, 3, 0, 0, 0, 0, 0,
    10,15, 3, 0, 0, 0, 0, 0,
    10,15, 3, 0, 0, 0, 0, 0,
    10,15, 3, 0, 0, 0, 0, 0,
    10,15, 3, 0, 0, 0, 0, 0,
    10,15, 3, 0, 0, 0, 0, 0,
    10,15, 3, 0, 0, 0, 0, 0
  }
  ,
  {
     5,10,15, 3, 0, 0, 0, 0,
     5,10,15, 3, 0, 0, 0, 0,
     5,10,15, 3, 0, 0, 0, 0,
     5,10,15, 3, 0, 0, 0, 0,
     5,10,15, 3, 0, 0, 0, 0,
     5,10,15, 3, 0, 0, 0, 0,
     5,10,15, 3, 0, 0, 0, 0,
     5,10,15, 3, 0, 0, 0, 0
  }
  , 
  {
     3, 5,10,15, 3, 0, 0, 0,
     3, 5,10,15, 3, 0, 0, 0,
     3, 5,10,15, 3, 0, 0, 0,
     3, 5,10,15, 3, 0, 0, 0,
     3, 5,10,15, 3, 0, 0, 0,
     3, 5,10,15, 3, 0, 0, 0,
     3, 5,10,15, 3, 0, 0, 0,
     3, 5,10,15, 3, 0, 0, 0
  }
  , 
  {
     0, 3, 5,10,15, 3, 0, 0,
     0, 3, 5,10,15, 3, 0, 0,
     0, 3, 5,10,15, 3, 0, 0,
     0, 3, 5,10,15, 3, 0, 0,
     0, 3, 5,10,15, 3, 0, 0,
     0, 3, 5,10,15, 3, 0, 0,
     0, 3, 5,10,15, 3, 0, 0,
     0, 3, 5,10,15, 3, 0, 0
  }
  , 
  {
     0, 0, 3, 5,10,15, 3, 0,
     0, 0, 3, 5,10,15, 3, 0,
     0, 0, 3, 5,10,15, 3, 0,
     0, 0, 3, 5,10,15, 3, 0,
     0, 0, 3, 5,10,15, 3, 0,
     0, 0, 3, 5,10,15, 3, 0,
     0, 0, 3, 5,10,15, 3, 0,
     0, 0, 3, 5,10,15, 3, 0
  }
  , 
  {
     0, 0, 0, 3, 5,10,15, 3,
     0, 0, 0, 3, 5,10,15, 3,
     0, 0, 0, 3, 5,10,15, 3,
     0, 0, 0, 3, 5,10,15, 3,
     0, 0, 0, 3, 5,10,15, 3,
     0, 0, 0, 3, 5,10,15, 3,
     0, 0, 0, 3, 5,10,15, 3,
     0, 0, 0, 3, 5,10,15, 3
  }
  , 
  {
     0, 0, 0, 0, 3, 5,10,15,
     0, 0, 0, 0, 3, 5,10,15,
     0, 0, 0, 0, 3, 5,10,15,
     0, 0, 0, 0, 3, 5,10,15,
     0, 0, 0, 0, 3, 5,10,15,
     0, 0, 0, 0, 3, 5,10,15,
     0, 0, 0, 0, 3, 5,10,15,
     0, 0, 0, 0, 3, 5,10,15
  }
  , 
  {
     0, 0, 0, 0, 0, 3, 5,15,
     0, 0, 0, 0, 0, 3, 5,15,
     0, 0, 0, 0, 0, 3, 5,15,
     0, 0, 0, 0, 0, 3, 5,15,
     0, 0, 0, 0, 0, 3, 5,15,
     0, 0, 0, 0, 0, 3, 5,15,
     0, 0, 0, 0, 0, 3, 5,15,
     0, 0, 0, 0, 0, 3, 5,15
  }
  ,
  {
     0, 0, 0, 0, 0, 0, 3,15,
     0, 0, 0, 0, 0, 0, 3,15,
     0, 0, 0, 0, 0, 0, 3,15,
     0, 0, 0, 0, 0, 0, 3,15,
     0, 0, 0, 0, 0, 0, 3,15,
     0, 0, 0, 0, 0, 0, 3,15,
     0, 0, 0, 0, 0, 0, 3,15,
     0, 0, 0, 0, 0, 0, 3,15
  }
  ,
  {
     0, 0, 0, 0, 0, 3,15,10,
     0, 0, 0, 0, 0, 3,15,10,
     0, 0, 0, 0, 0, 3,15,10,
     0, 0, 0, 0, 0, 3,15,10,
     0, 0, 0, 0, 0, 3,15,10,
     0, 0, 0, 0, 0, 3,15,10,
     0, 0, 0, 0, 0, 3,15,10,
     0, 0, 0, 0, 0, 3,15,10
  }
  , 
  {
     0, 0, 0, 0, 3,15,10, 5,
     0, 0, 0, 0, 3,15,10, 5,
     0, 0, 0, 0, 3,15,10, 5,
     0, 0, 0, 0, 3,15,10, 5,
     0, 0, 0, 0, 3,15,10, 5,
     0, 0, 0, 0, 3,15,10, 5,
     0, 0, 0, 0, 3,15,10, 5,
     0, 0, 0, 0, 3,15,10, 5
  }
  , 
  {
     0, 0, 0, 3,15,10, 5, 3,
     0, 0, 0, 3,15,10, 5, 3,
     0, 0, 0, 3,15,10, 5, 3,
     0, 0, 0, 3,15,10, 5, 3,
     0, 0, 0, 3,15,10, 5, 3,
     0, 0, 0, 3,15,10, 5, 3,
     0, 0, 0, 3,15,10, 5, 3,
     0, 0, 0, 3,15,10, 5, 3
  }
  , 
  {
     0, 0, 3,15,10, 5, 3, 0,
     0, 0, 3,15,10, 5, 3, 0,
     0, 0, 3,15,10, 5, 3, 0,
     0, 0, 3,15,10, 5, 3, 0,
     0, 0, 3,15,10, 5, 3, 0,
     0, 0, 3,15,10, 5, 3, 0,
     0, 0, 3,15,10, 5, 3, 0,
     0, 0, 3,15,10, 5, 3, 0,

  }
  , 
  {
     0, 3,15,10, 5, 3, 0, 0,
     0, 3,15,10, 5, 3, 0, 0,
     0, 3,15,10, 5, 3, 0, 0,
     0, 3,15,10, 5, 3, 0, 0,
     0, 3,15,10, 5, 3, 0, 0,
     0, 3,15,10, 5, 3, 0, 0,
     0, 3,15,10, 5, 3, 0, 0,
     0, 3,15,10, 5, 3, 0, 0
  }
  , 
  {
     3,15,10, 5, 3, 0, 0, 0,
     3,15,10, 5, 3, 0, 0, 0,
     3,15,10, 5, 3, 0, 0, 0,
     3,15,10, 5, 3, 0, 0, 0,
     3,15,10, 5, 3, 0, 0, 0,
     3,15,10, 5, 3, 0, 0, 0,
     3,15,10, 5, 3, 0, 0, 0,
     3,15,10, 5, 3, 0, 0, 0
  }
  , 
  {
    15,10, 5, 3, 0, 0, 0, 0,
    15,10, 5, 3, 0, 0, 0, 0,
    15,10, 5, 3, 0, 0, 0, 0,
    15,10, 5, 3, 0, 0, 0, 0,
    15,10, 5, 3, 0, 0, 0, 0,
    15,10, 5, 3, 0, 0, 0, 0,
    15,10, 5, 3, 0, 0, 0, 0,
    15,10, 5, 3, 0, 0, 0, 0
  }
  , 
  {
    15, 5, 3, 0, 0, 0, 0, 0,
    15, 5, 3, 0, 0, 0, 0, 0,
    15, 5, 3, 0, 0, 0, 0, 0,
    15, 5, 3, 0, 0, 0, 0, 0,
    15, 5, 3, 0, 0, 0, 0, 0,
    15, 5, 3, 0, 0, 0, 0, 0,
    15, 5, 3, 0, 0, 0, 0, 0,
    15, 5, 3, 0, 0, 0, 0, 0
  }
};


