#include <inttypes.h>

int key_frame_count = 6;

int key_frame_timing[] = {50, 50, 50, 50, 50, 50};

uint8_t key_frames[][8][8] = {
	{
		14,14,14,14,14,14,14, 0,
		14,14,14,14,14,14, 0,14,
		14,14,14,14,14, 0,14,14,
		14,14,14,14, 0,14,14,14,
		14,14,14,14,14, 0,14,14,
		14,14,14,14,14,14, 0,14,
		14,14,14,14,14,14,14, 0,
		14,14,14,14,14,14, 0,14
	},
	{
		14,14,14,14,14,14, 0,14,
		14,14,14,14,14,14,14, 0,
		14,14,14,14,14,14, 0,14,
		14,14,14,14,14, 0,14,14,
		14,14,14,14, 0,14,14,14,
		14,14,14,14,14, 0,14,14,
		14,14,14,14,14,14, 0,14,
		14,14,14,14,14,14,14, 0
	},
	{
		14,14,14,14,14, 0,14,14,
		14,14,14,14,14,14, 0,14,
		14,14,14,14,14,14,14, 0,
		14,14,14,14,14,14, 0,14,
		14,14,14,14,14, 0,14,14,
		14,14,14,14, 0,14,14,14,
		14,14,14,14,14, 0,14,14,
		14,14,14,14,14,14, 0,14
	},
	{
		14,14,14,14, 0,14,14,14,
		14,14,14,14,14, 0,14,14,
		14,14,14,14,14,14, 0,14,
		14,14,14,14,14,14,14, 0,
		14,14,14,14,14,14, 0,14,
		14,14,14,14,14, 0,14,14,
		14,14,14,14, 0,14,14,14,
		14,14,14,14,14, 0,14,14
	},
	{
		14,14,14,14,14, 0,14,14,
		14,14,14,14, 0,14,14,14,
		14,14,14,14,14, 0,14,14,
		14,14,14,14,14,14, 0,14,
		14,14,14,14,14,14,14, 0,
		14,14,14,14,14,14, 0,14,
		14,14,14,14,14, 0,14,14,
		14,14,14,14, 0,14,14,14
	},
	{
		14,14,14,14,14,14, 0,14,
		14,14,14,14,14, 0,14,14,
		14,14,14,14, 0,14,14,14,
		14,14,14,14,14, 0,14,14,
		14,14,14,14,14,14, 0,14,
		14,14,14,14,14,14,14, 0,
		14,14,14,14,14,14, 0,14,
		14,14,14,14,14, 0,14,14
	},
};